1000000 2500
575289 749261
518301 914288
411083 694189
224834 616342
173649 175371
722137 998831
600169 959595
607907 653118
274054 388883
353975 735149
264201 947171
683589 788014
14085 48337
298043 540467
588320 866226
952633 957023
142860 819427
164304 336983
494040 998287
38561 959161
406777 451796
271960 326334
411033 665373
511475 853158
58295 869643
379586 840815
16118 33663
646936 727824
123023 126523
289319 599296
855233 923557
349481 545199
398613 441328
456510 808890
267153 876766
298824 853400
271858 303118
187011 391146
276923 862302
481254 875152
202670 628552
44778 553570
864246 930804
97591 914969
598402 656280
13646 585177
135900 655526
49860 440773
29018 318238
631039 974327
307317 430350
519808 965647
90407 826066
298371 757458
28638 765574
179079 909114
212562 747705
323403 690818
208736 679518
41814 795244
271832 471239
92887 379417
105998 760271
430289 945393
179460 440996
14791 297269
601027 790461
534311 743728
132041 374814
567010 743187
403366 405940
568170 680873
92602 733524
703646 844441
584083 623204
429449 806536
377299 548297
76053 467643
48729 524658
584557 713551
40952 316031
368954 878655
144545 667263
345450 435583
25496 850884
358336 630323
173654 674712
17592 916263
71566 832156
288279 699410
261580 274236
282671 880912
323747 985971
351077 720458
301979 974430
456993 755054
872230 990349
342272 658657
377220 723602
288539 550459
43272 797085
791233 883981
640461 734241
316831 564794
400653 460051
223485 569734
86369 325411
415753 861416
767205 969306
357722 562847
651965 716484
248525 353883
391515 896690
457206 831984
149869 919132
595517 936464
211645 871035
81267 169842
64412 316178
383984 605707
451035 471125
376595 668809
238833 440225
765767 999526
12057 675946
391888 498331
576736 679701
290769 483781
277054 530965
425662 675846
47374 79300
118282 757293
148941 506425
276609 339643
75620 966980
377297 929614
514643 581615
145833 639918
393856 598892
347123 551547
601345 779926
646695 990199
513763 574891
198116 407181
82480 283020
666523 995291
163037 950409
112304 973553
193781 758709
617172 846479
161443 189998
228349 296709
207988 213716
299401 715159
17313 670516
596813 983327
402019 735653
170616 751785
342838 516947
93364 299015
396743 584777
500048 552622
9619 374247
419102 615664
165747 244339
251873 302093
350509 897211
149597 986431
957443 998551
314117 827810
389855 736284
221040 497037
496642 872673
395458 879531
556537 767076
21099 854518
225927 420842
106000 202669
464005 826391
664364 825433
254913 386811
685829 876060
589194 754127
315841 747940
425446 759818
93821 419712
368971 462052
648843 904805
45284 225888
391379 561322
420913 463913
762206 977751
169007 789922
231267 391183
32132 188073
326113 960614
201112 327010
243592 658323
734941 896465
552597 975898
31642 640480
417094 538130
384801 896780
387858 844538
637929 729062
80018 546427
36706 767927
88970 189031
230694 412649
668896 938238
585865 812088
206409 972193
509472 597834
99625 394361
604605 613901
353789 391686
279235 642481
348927 866784
182210 329027
281313 964766
600197 745363
244543 833643
249638 690575
385148 809854
38776 321746
231238 844886
439207 669285
641099 708967
111641 656459
172177 799354
397663 593637
24414 921510
368664 506581
69774 173117
115106 849231
361792 939546
51555 511547
859064 893619
797729 871594
787016 984190
27448 635340
880974 918402
3199 484188
115407 169510
246076 466099
323008 483132
518159 598535
79797 591442
770046 782220
398343 407957
213540 762696
33482 569587
25785 274469
708191 801882
325325 967851
555547 852120
96775 886165
29212 621074
579141 903335
509755 573346
592247 805630
429799 776714
771733 958441
262360 309635
178363 629252
262049 492416
6180 460575
132904 589789
853539 987441
11648 279590
402670 733401
382908 583605
68223 843493
3885 870343
482310 931092
468809 972289
558107 746212
302164 651956
189141 287100
161304 924238
38872 996877
777413 829522
161860 605706
135873 744505
330925 592284
263498 760128
738443 989612
679025 896070
530367 659711
378790 978399
205566 693251
325222 675598
360009 693708
26457 855339
279362 591102
337464 533592
200354 613768
547527 797401
216950 842903
55404 726343
178876 341694
557709 651483
7678 367331
169096 424210
106201 818082
72416 392726
149115 963957
414270 941361
453813 959376
8466 475522
477079 481198
213826 753954
212594 613747
543742 791886
296893 690119
143822 402291
44155 405045
66713 407445
433309 921579
68345 453645
641813 786423
494441 517133
504592 912400
212304 625632
241231 244640
104585 251625
549188 647167
246336 927613
149811 824819
668138 974481
288897 467574
176631 793281
187539 851572
447237 517152
92993 589519
672041 954320
302186 477628
472996 511546
206763 369502
171531 643445
301115 816802
232777 256939
331092 386783
76969 796122
293014 941790
61409 727143
396384 667094
324449 508601
748003 779118
712260 845325
542558 936200
287966 582428
922796 926318
29051 63277
556033 934056
480793 803170
299689 862984
347678 795352
795203 813631
20005 117672
281461 741592
892090 926438
511883 565000
321286 905046
638188 814340
202931 725732
42008 847823
789472 981920
411137 933840
498070 984392
141437 849579
201878 433766
49151 630231
220205 996474
289340 696780
228369 265972
618182 996890
31273 511488
166950 181919
185214 894219
332539 355119
240269 702587
9221 579703
299746 365043
161349 584543
378505 975916
879784 920976
785597 890537
81609 660070
219315 724684
584299 630746
13276 431951
525899 733368
835338 938967
639242 680671
208053 513037
822298 893876
58032 987248
782853 980819
572629 885832
125754 950381
638056 977564
452150 566918
64716 654765
97923 902215
757671 901600
114253 464415
211072 433472
25913 386488
189370 381797
392548 908696
425960 775237
159775 540863
430564 953231
764384 813565
232517 233574
359406 859808
291118 698998
148371 707825
72838 694515
973968 992603
350661 906616
534208 605773
175095 262735
326138 328700
62908 626355
476492 527190
12948 484415
380710 583933
42182 814576
404171 810719
88190 277149
529291 650766
215732 874476
171465 664656
174809 741866
17328 230189
541402 772309
665285 942457
492513 670720
20594 310037
509428 589293
847177 933702
393852 620905
421133 532253
270032 824881
191799 780192
565196 847878
111603 265437
377306 934484
808719 859409
23959 908603
208874 919954
284695 389750
301160 642600
839641 936783
529436 898032
13809 978090
769164 934012
172509 238833
341910 708331
727546 913422
339217 632030
790968 942966
620214 653475
67546 496571
201670 271153
210776 283713
468275 572326
59699 412443
13496 141240
279673 653734
269966 841147
50142 502061
188125 765980
225699 581571
218578 293538
183815 260981
696063 863880
69066 957479
260421 718587
601639 746309
201023 834284
359407 519784
868294 878324
68351 345318
429278 835197
30468 735907
99951 824069
407665 967708
476599 607939
791396 831058
403935 941876
185720 890510
789248 982628
942027 947491
116773 891216
746174 793893
71151 347123
887488 910014
114344 561052
289771 915767
285832 482151
557062 971838
515197 568671
371891 442153
74316 469392
240961 528902
566862 772814
313430 672348
342970 446619
257743 391793
17831 879243
151949 492239
868328 987269
178858 769944
401676 492538
433653 871374
181038 592602
471223 605401
858541 919234
133279 831108
696740 964338
136903 783064
121616 181119
92195 530378
429791 897528
288224 522249
182400 541662
520847 735529
547676 849373
339193 432800
185177 807858
657492 797318
362024 768682
416350 685846
24846 765003
454609 977649
845088 976074
156212 452781
37310 262566
585740 667365
42207 309235
527833 782297
100753 601132
172167 598016
252032 371030
192013 601294
240436 548192
378532 637728
58080 418045
260882 876005
155012 261469
583148 623477
423755 732837
437037 956111
171279 886699
759084 760800
7086 761578
170778 207657
366539 487024
276514 302873
130463 421498
4163 825940
532485 973314
88451 340239
630732 658804
139269 384274
80567 243686
208589 512935
636317 939381
486573 641738
292589 520817
115410 499429
618803 629087
117148 237120
67572 702529
66128 409345
421901 968430
126599 685821
669370 790759
364666 599799
437112 504548
75366 576155
285541 889307
48324 707639
173953 593554
143017 938688
319964 610709
821653 854208
226399 324024
48312 726552
261767 489003
417809 842684
556572 773494
190479 950936
34446 637508
698762 874050
665378 845218
17018 949244
160205 560601
54460 583335
470503 982755
149009 511173
193934 293750
180113 715414
64333 916005
17697 784189
309609 731483
142586 270270
645287 755022
337353 347983
203842 722461
207507 210420
142961 328914
197150 205822
99070 213375
661574 890503
17137 540502
300007 365391
512049 799137
151534 400029
315613 436059
155751 670231
205160 310079
95200 603511
462756 472114
155343 367510
122201 500863
671623 763305
366666 969344
254214 439647
398838 458194
157018 358131
143007 187795
424188 778097
282510 951608
166286 376460
627675 752016
177017 212864
230820 247974
657788 684731
245576 776187
577276 662392
122575 586362
73497 385100
188550 911034
46567 632926
220590 965498
686839 995271
75271 483644
201633 297681
194235 279988
202582 720930
817996 992154
256913 946416
693773 767208
224520 405784
317317 978497
16786 503998
317533 783680
466326 987606
313223 988528
490739 838422
648059 781059
304832 901982
204111 755644
136725 517765
189501 636663
143271 732891
661119 888149
367122 446005
231931 607335
314900 867870
802300 988403
149661 367564
156551 441073
567494 581576
574011 620167
409790 644841
772418 827942
37253 476795
324343 905323
50659 526318
268487 883490
146170 157489
601405 640585
396167 895109
565574 944425
346012 398508
303928 729231
368420 791918
138540 587560
397379 576462
353537 985657
119531 869846
27427 413706
222095 780184
574345 645540
175012 713349
169505 740075
809445 949251
489882 952052
92477 205932
163595 268178
442576 918264
58287 610179
602090 808895
433895 561806
19678 68595
721392 732355
167484 504790
472959 641806
169072 887683
26030 152136
136863 262011
28348 535544
64912 269877
297502 968224
321563 551765
629898 910367
486228 818238
403782 960706
15190 356183
417708 622270
390855 590299
779006 801172
317215 850539
103778 280465
125304 767033
649496 946938
155215 711927
49028 589368
203986 624499
504137 567880
297617 623575
95995 964441
350489 745084
171421 755872
332117 445549
211663 463501
339783 894572
401673 484662
62798 136499
76500 506251
161662 636321
552715 596967
92485 510444
88841 998819
357512 417974
103588 362154
292019 779651
570233 703290
788313 845342
371616 387274
119907 495250
463482 585340
421480 969071
370197 383725
142638 322312
288273 901052
690580 739656
312028 429185
803135 853462
45445 359960
235672 471947
112090 313342
131715 381803
659896 947051
92323 309700
91639 881241
197992 997988
264671 679963
119302 216706
568520 852150
535514 779446
249963 955174
174150 833421
621672 976735
501278 735334
239147 940536
112864 407285
623910 779111
461391 776251
336050 406782
666024 687069
302661 528717
402437 719317
486424 958985
85484 212297
69715 550657
460794 958206
350963 622655
46962 144613
102989 497618
211407 689208
159856 348979
128851 981955
169301 439068
702158 758366
441520 748467
200425 444337
596388 904106
532473 698257
690409 825715
15993 315533
66213 742013
401571 586390
849676 875201
117852 768238
275152 713940
91924 140949
233837 328554
151581 582753
355556 634175
693081 806110
475632 633164
635786 961702
376584 956725
379147 660824
358645 892185
386743 540088
484007 675957
680333 921239
564990 760331
459373 681678
373297 907847
148144 535459
52174 537712
86607 199251
72362 521112
265544 772982
98812 378799
383392 483159
179300 212707
281786 780033
244236 917828
16771 604758
342814 379995
125224 877358
68638 253721
10520 286487
187337 995907
687168 922782
184225 737056
901621 916862
308787 836064
494247 620542
72329 383510
569196 806044
15115 364218
157923 700759
586811 748140
488035 827318
121002 930364
81974 179003
848329 938730
38630 310496
818229 844784
722205 903821
448155 605305
181936 429372
201039 793733
118660 518366
136341 302680
228221 237409
196924 721283
445590 863810
478414 689173
94939 155785
277368 742012
581035 906521
311045 616361
511881 817597
221764 318331
116594 422999
220236 249058
644058 947552
329166 797096
41301 642065
177502 828373
378413 430422
984413 986519
417832 602129
136660 240637
631695 906068
705717 763634
597267 722066
594292 821520
459241 738382
277486 787944
5973 316125
641662 785827
800617 969528
773232 987448
40097 859285
130783 377137
311711 507088
663648 912731
694660 774250
382024 700342
74794 457344
370992 929759
92305 828336
360244 956883
236203 917147
267255 536001
384410 958340
381774 438834
40287 221270
716321 767823
300802 310568
411651 589677
409105 561642
358395 616264
375815 875770
663142 983494
57715 655627
478614 698875
497176 730015
642547 719880
526732 596173
505981 939622
598014 638220
260459 594539
66744 961907
14074 404740
127813 193660
274234 434459
242922 919924
304191 743996
302768 451402
60683 627410
51950 553799
70086 150714
278968 385586
234261 867691
271633 324709
636241 649951
196015 471272
471123 763419
5878 612990
49728 995429
266101 377168
171491 379649
190371 464429
207511 569587
334908 357243
196279 778318
889281 999486
17658 306795
129927 656852
514690 749305
435714 474389
187542 327077
428077 942578
22506 980839
514442 798674
650885 757250
225488 384373
387352 908140
324395 663920
304088 308248
815131 934430
37807 957583
314497 848510
16739 234797
57893 502495
536545 736997
779210 894812
139826 792898
68742 823088
465114 758446
355171 676052
87607 943537
848440 912691
543247 728771
249127 686025
428581 526729
178360 383741
852745 858939
169603 583081
967139 979722
90227 863824
94862 621464
182984 200536
385383 678835
355823 655600
532029 623269
133928 513644
328477 343137
207338 603648
96323 483977
35974 534784
261809 300131
359155 818076
653741 777949
160023 357212
497614 605386
515947 760293
366957 827668
804650 964789
115883 511751
446522 776176
173525 485690
387544 554186
829055 970532
430943 488628
101271 424620
266231 910891
399343 861257
216042 964235
71919 882984
129966 781726
194919 837260
391030 405756
601243 686228
773872 832052
14010 205327
605374 702430
342371 494660
324613 859408
192249 321212
290691 786711
448393 751326
90901 256011
117103 279434
194589 363294
201989 544860
46023 809272
182594 468136
560887 869603
379136 935410
163376 390240
607434 747845
427725 541251
44423 930110
562401 881183
450030 691605
160875 978575
117222 875404
294771 805731
275709 861131
364815 562621
565185 929259
130608 291572
24738 933522
728547 950591
50388 889138
191862 324659
111428 247190
314230 871091
41769 333764
338979 778999
306289 387470
415829 475566
273144 862888
764935 987408
718378 813208
307163 669712
141035 626739
252882 957929
513721 607227
755295 848914
188937 866663
324041 474664
408108 781260
633524 643640
22322 747585
326170 721997
954200 956545
288507 746663
119651 619247
16794 179832
508966 611437
48428 498796
77746 992301
758856 964602
351815 545227
691521 806440
23978 386325
827836 892637
609216 834709
877117 950815
211753 396255
109837 762088
127841 651531
302615 813912
586855 741837
759186 945704
185229 251272
456122 559120
905580 948847
750713 869729
365548 793187
18422 905316
99404 745203
256184 700192
570922 933191
710517 902818
204872 840572
22632 226108
106223 511036
884774 982067
176689 201217
769994 932060
389263 438648
567923 587728
65565 422540
129931 443066
454315 959922
12596 310490
24264 562795
84924 169031
884138 918659
438432 686943
472250 940403
639854 754461
104653 932856
450110 830491
25637 209878
223224 750860
535764 617920
41619 79987
132951 778810
534145 660122
177782 486573
420721 942442
359703 373324
803936 914493
895125 933587
110591 900314
783041 823583
294154 568166
593254 675377
843138 988473
552598 744183
385958 912101
35293 834808
737311 965095
337343 484247
399016 754953
22868 695907
413681 798998
516885 916506
889999 971533
501133 587907
59805 958726
226702 434049
594044 611546
192965 903542
257052 547527
191497 278894
529881 914217
774659 865355
285236 639207
782730 992011
64660 931956
158818 705680
347166 421672
797004 823768
447280 456164
141548 705292
145125 819772
2969 481547
260622 444154
523205 992199
102274 158564
495985 654635
23897 691645
67724 832181
399516 450453
595749 777191
530579 975089
436396 952306
237401 667467
211208 940827
314501 711862
328081 877509
558644 765855
561987 826367
440468 984393
610930 661481
698211 934245
723987 823186
585191 767355
668365 724831
104716 761182
441692 558203
422533 924951
486738 892539
580446 687911
54269 103704
736555 841917
716521 979545
176812 644279
301902 397371
572439 817462
153315 322921
71590 705080
14573 66621
383920 720102
549428 568777
737559 782810
592620 912875
191246 612164
165690 310235
26261 574575
198787 811275
259698 711629
112765 830922
649733 904731
112369 367312
186085 428372
372124 504083
594732 796632
335649 964772
55545 102546
373703 682221
158820 885737
733429 875486
215590 248584
678909 849581
115315 406878
649232 780498
121692 611591
68545 195653
598208 852792
163426 792251
45173 328577
615176 991357
164182 925031
739763 991037
211847 332092
241165 873341
75158 636694
536921 608593
642105 749934
121244 369358
188875 470352
326138 809987
551524 653708
83697 578731
964023 967529
562804 681388
306050 625311
191311 839999
25526 61123
412877 826626
4866 147933
299834 683682
326384 589597
46581 750417
443747 949919
502296 636110
178432 969670
221013 780754
766020 820320
557424 559605
636425 637825
189860 665155
52034 174803
441617 986014
324961 670773
3555 260176
338669 646888
233476 674004
201937 639695
43521 520904
578212 949749
43419 925167
417974 502920
47515 207870
349461 526900
515911 653567
464495 883454
261177 493134
248199 495701
91353 460960
124637 288899
591705 996255
223704 373342
442442 826846
3936 278379
623279 687882
236537 602288
29903 799008
715118 843603
30757 905930
6656 137295
348953 985821
662647 883205
358469 639209
133706 876200
771543 959284
145480 569256
795344 880124
239713 939398
715887 907966
389699 761646
430232 573735
301969 633081
200007 246386
833256 842982
176743 832110
229307 278072
425647 807251
571595 726861
408204 732161
93798 799010
358363 919856
704918 822816
449594 942317
582056 694590
782303 827312
215034 749293
653417 870123
103758 618489
250178 729503
309414 540636
85575 183052
57384 428503
199480 225227
454415 630839
224890 740924
179115 296999
132889 843240
365354 604297
219734 966959
84155 265082
367075 711508
162616 762170
825090 868618
8153 513156
133549 849457
407158 985979
406287 977545
133469 276605
144914 783345
128647 791744
192622 999560
253851 880069
180748 315193
859388 985246
243522 415480
155656 772635
113745 344539
323580 665529
870994 939420
483208 902132
288109 958942
208915 615547
30932 225987
586591 886217
328825 353433
122422 836703
419448 621397
140057 655470
337928 863457
105672 750971
329185 756802
645486 874800
44904 659764
79488 767149
548280 926144
150846 349556
230533 965390
59243 374444
59797 965835
787077 910828
185307 347406
247121 930527
212698 312504
342307 976767
402829 562072
712178 720083
197039 732141
37116 865082
11714 18930
176325 210874
941766 968523
947970 967131
105764 730277
510392 526742
311474 939460
198403 945484
231686 307957
371578 941861
172228 815082
353535 917607
341839 819212
51969 398810
431744 475944
939964 947511
432353 910360
37075 365365
223429 316263
280730 611223
816093 958749
262030 913190
627557 868563
581246 770198
53506 538020
91834 953528
133777 474670
277337 839748
375412 535116
63900 220741
477213 891243
235805 756817
300414 630764
44807 167532
61822 174642
168360 922682
560395 941266
713755 775355
370141 988672
632582 833282
100610 268070
202206 787939
795772 796729
432710 843536
198783 242043
835553 836521
209464 375716
778986 910014
52656 766685
41673 764339
129999 460823
488083 501237
63690 125158
169178 297961
666029 841009
188748 203066
119592 513187
334159 939475
513913 752274
211911 849263
165075 943880
176502 579909
476020 545583
210134 985484
430068 762496
184705 477463
98608 916824
523775 779594
123944 335976
729538 756268
153845 176098
172670 803202
38199 804941
364844 651293
44235 756693
278005 349743
129733 568951
449863 587859
455611 712738
6176 912298
764964 795797
178148 969355
215206 837463
601799 865580
76248 195600
265653 298868
519229 770288
102615 906821
340670 781162
453542 550732
343610 493276
396391 715750
589064 861249
329507 424358
430512 668691
150831 391506
544139 759826
531572 587345
16802 682877
69322 952109
305698 495864
525135 724489
14723 912674
114212 787130
430122 680675
374117 718884
717009 721662
667747 669082
164602 819606
518339 725534
817310 898118
144107 608425
655416 900596
51771 382468
884147 970709
642022 937653
200615 207198
711028 830348
233520 345521
15669 179299
246650 752134
516563 534034
613326 712110
234085 303369
143367 797639
13763 211578
661017 693495
40806 429930
22480 539315
123347 483423
89582 534296
173006 447979
481110 643999
245361 528524
838463 947343
800920 823480
389423 556484
342354 891664
45856 419842
138994 468670
154119 570480
115651 231164
378834 686912
165990 341065
233157 410046
38083 129891
122438 150371
587117 838867
671990 851841
837719 951024
12137 583741
532159 707132
782844 798483
41176 364865
399092 849318
329779 336162
370376 901897
23188 252207
6734 743539
209141 831633
598539 615725
455063 945334
124948 947548
520533 994302
817316 852254
513485 980185
248943 952252
588676 930974
285962 814920
699713 837236
327477 618630
61860 144931
10203 28169
425824 638584
38026 312709
96479 730340
226761 382158
279806 519620
592899 611290
301353 853022
581763 938542
396841 921713
681493 751516
297423 696550
311367 474700
228599 372599
66978 825311
84112 944336
552684 660767
258525 658467
175187 711304
403484 575580
51682 79288
27277 198771
531882 719226
403657 646409
65596 638983
837196 924206
704223 908510
83660 590592
922200 983120
317258 803880
275164 357563
182216 241918
784311 840273
752418 940714
914951 989870
762825 803598
282987 284609
23131 140059
273359 390985
38414 297008
104707 161219
98689 575048
10016 300196
355970 546723
83753 502019
435409 610455
219942 999713
466961 698029
555358 831697
568501 606643
195082 306265
54679 495959
74991 116725
142369 935536
392277 905358
439918 487198
571404 867089
238249 848300
235689 967851
188550 785720
389361 806471
629301 976441
345252 989803
47452 347503
354719 571909
499469 768987
163604 697998
402903 485928
515938 830741
704884 964116
34917 245573
421674 776454
430482 511999
6634 341950
529702 970043
531370 928082
61651 323705
583806 975988
673889 771890
700655 814162
178130 956444
260783 671444
368705 804310
33405 708620
148552 766012
530169 678450
346497 456459
854722 935235
892317 944722
140200 475871
275815 804318
448734 592442
70423 302603
507781 603557
104328 364591
106991 558286
634824 746275
142092 379702
401448 786939
66384 222507
16320 211701
814922 821172
110123 708607
772430 967962
302304 580820
635323 980411
394686 958306
418565 734701
571378 880047
430803 972694
662145 731653
11977 26429
179180 726789
131585 634356
136692 706647
263429 498140
445122 867682
137859 565839
102833 329251
503678 757584
381851 572638
102930 715378
252765 563866
300750 640324
5667 22296
715996 904040
166490 512495
254932 653995
33859 763747
160677 269084
775739 957158
202772 771978
46270 424846
198690 664394
223893 962177
352845 855339
821289 849410
75608 793453
418143 494197
479359 495355
365094 900007
898199 972886
472279 973974
577822 912735
583702 923710
482732 960642
124803 305426
127032 789546
224923 231194
181118 461478
347020 657110
502038 810078
337470 804475
40423 101557
412743 578507
168806 337121
608384 695591
402194 872857
228306 834837
134181 350346
10535 954291
209794 880149
945329 971290
198617 397585
193379 592455
46145 589927
651985 710447
125380 541511
335591 443941
161652 438228
164931 353470
178563 902938
187257 636615
295226 728516
742087 802103
447053 861973
678832 827508
399215 744253
205692 664468
437778 809467
131259 650437
462363 690618
700985 914613
107067 350139
202211 435744
733168 974813
74739 83032
641697 791727
186820 234451
262725 370333
679921 940323
609154 611054
840710 948517
67025 137594
438706 546341
342638 775198
224624 676151
59753 891567
548423 721842
284770 391661
253363 722541
35381 486929
226971 657417
30737 354772
212084 431705
357048 802198
528960 723989
783639 971531
245857 771029
334767 357290
450590 522091
196460 586695
188154 809817
301147 812802
445656 588965
364080 652183
891013 994490
390711 627370
16520 922784
60202 390249
191726 567952
435042 667817
181693 859570
26626 883733
552430 778435
432797 630896
161090 170486
9380 899579
131037 902330
472217 649293
551341 812686
230808 322101
334242 915614
938321 980824
177252 994583
233941 248011
569424 691513
119304 387116
187273 221762
272845 304447
346880 361321
71009 937983
704408 903353
25521 973072
154459 920570
694110 897137
156817 438511
167698 377521
77012 615798
24803 597324
370607 772188
159461 610685
484042 621450
174724 814830
262832 681175
30232 322867
562670 980174
48990 136907
31440 338776
233737 323157
662275 985730
720268 909334
150466 681166
601509 934680
381388 515244
166288 993375
452150 769139
133241 613613
120304 164265
484278 653105
87730 269940
28049 367025
282059 660473
721297 728790
51951 702849
4556 609447
825352 952844
368963 744424
103081 747497
831843 881294
54540 651346
43867 287322
221154 643818
92470 498945
680487 965725
780269 950149
71100 476920
725472 891926
202139 835506
149019 383831
299128 523738
427709 876207
721618 905562
408848 474850
541185 896704
320246 553405
253309 270519
29535 838292
375431 947848
457142 725993
481744 711917
281363 413106
250850 384285
348514 952654
655272 800172
26327 455686
261303 817968
10774 798376
74159 204510
819766 858354
930652 947883
531339 563034
247293 866757
357800 474524
722641 980932
235654 296958
383079 723651
444572 966157
129221 674608
800859 962728
157193 184806
129342 598982
69109 801018
520646 533688
126325 772639
282993 664301
52918 910964
103065 266887
25455 75969
482464 665087
194712 791264
226682 948759
176656 599919
774677 936540
570455 582741
300434 584963
293603 958151
48671 753898
798626 923964
72965 192959
224247 379035
63232 471389
205841 478294
113466 634287
272138 718769
88677 406269
489589 671094
852338 916735
244401 780050
595463 610897
384975 712296
61403 291908
286151 954730
224372 676287
114232 334955
268611 573037
203241 312676
762010 824740
481780 981094
643593 956810
638158 872626
74396 114182
442395 572862
472843 486639
13011 582090
453534 975797
88257 683225
365252 949395
38999 470094
530847 691210
475211 983630
354798 974082
718795 970889
59764 567466
336787 695383
124321 818405
579111 886884
84557 470726
590661 633159
115388 738915
929240 974683
239583 692042
750102 766304
647056 897739
340964 485567
71342 899738
145097 801261
487019 846026
322673 364173
639090 989123
175540 412426
160968 925462
293005 862324
71053 696151
140011 809258
348642 609806
23783 236716
773050 885619
386027 667057
183457 421233
145717 446318
646717 776734
141938 667445
156949 439040
161754 247611
440761 954130
698988 984428
432736 793023
442423 536162
69444 371462
110947 321873
489196 939734
338064 948922
216532 567964
87412 839044
300711 577187
324099 797291
552395 863908
74166 993196
28203 475613
116612 763745
186467 646151
534298 623118
61071 135046
636838 638161
364598 979264
242718 890972
573015 808343
412173 912173
499887 585080
36900 646836
667920 717738
537043 563853
525436 626328
877815 954402
68370 644937
51276 743268
566263 596764
76213 401751
520796 532956
371152 523429
160739 466047
397006 536131
302668 418753
186048 811019
87250 630929
603954 669388
139133 253641
639056 723972
4183 385324
601085 763365
18226 677236
4563 125587
901722 993139
222377 225856
341754 985968
732187 813854
700486 778155
227537 641841
213889 987586
583906 810171
565618 580982
415199 613442
680084 717852
52106 723102
24385 94724
626466 991486
516679 873130
165827 684906
861241 904255
210029 779083
383938 990556
107165 864740
648554 923503
164371 338172
139034 871873
281401 507800
112077 829973
42296 309360
183976 945659
176166 649558
839084 900016
409607 632161
789154 882273
92769 417861
3208 410317
813602 848830
356895 697448
413026 484217
15659 743953
64782 813066
365167 416164
530788 754945
402156 625777
94136 802178
5479 344763
273471 878299
616066 738329
624517 882024
306933 810701
463907 946577
454381 666822
62177 744449
302106 793745
46514 534916
600075 745695
232306 862472
367585 852899
53439 217053
668917 987623
602530 921368
487651 592295
247711 798804
78465 259971
628916 714664
601155 799719
246386 343960
404084 618175
495822 912089
425763 738262
655397 841931
252660 763451
140172 558960
282180 697252
461771 676697
131283 919524
593969 613619
601502 913128
53240 755416
661137 940660
235452 684280
144962 391990
72768 978493
822343 903779
365420 797293
98686 351697
148774 340922
339292 846732
269085 867128
137565 987710
47492 529699
99062 975524
65869 944847
289314 586560
91518 844530
256158 580970
396306 425931
519521 685338
308960 541200
620151 795746
76183 450760
138819 854450
373735 394519
526438 857139
119871 277249
280594 872868
18076 643985
200541 266313
685370 949038
88326 330661
763259 922578
361061 653839
233850 587710
75679 511170
109528 905200
493951 844084
513671 519703
542685 649049
242358 696693
663978 833338
301793 998468
32435 862799
31511 402891
23733 349369
183746 294479
397159 777949
558530 947461
597734 829908
860663 919368
32019 344242
4110 353013
620268 880972
327173 406470
501654 696711
127442 169330
624778 712638
75435 281922
322049 656451
10222 429114
321436 475006
339330 650173
350233 438599
740672 849073
219529 316643
327948 659554
410436 434539
462604 644632
442078 968978
477918 903840
129380 912377
663484 871905
18722 997643
606926 639763
693626 754220
782965 917573
102770 314100
77020 578793
225449 282933
425442 753137
228874 512112
280301 699552
323178 729677
684986 842334
477375 881789
211056 851180
50941 503129
420923 821371
99063 160075
302344 898398
375081 744512
339449 492430
701532 704747
33401 824835
62243 210460
423552 695856
294849 472856
820151 865908
47057 903499
24620 89549
127285 908058
465471 826741
555661 933721
178851 542401
29812 657291
350018 993705
436760 781992
304940 712891
273863 330326
358378 909787
248252 420665
518423 884454
77324 262674
93539 131481
283977 624018
676189 879817
505302 787046
370161 812284
623308 930138
680116 843022
238699 584515
329116 554316
549469 727246
166511 336807
288816 421828
45381 340040
702257 948801
956802 990710
62199 474940
697943 723283
256635 870689
440406 522046
226793 856307
693164 884467
537144 709103
488447 662736
407415 913820
109141 994824
23404 597500
77375 227995
223897 281158
270469 603014
286884 370180
688664 897124
752371 811554
47679 710376
250963 499839
310795 474994
81708 118998
391288 532289
405761 967745
279378 350361
40763 303413
192632 248373
310565 654881
879225 914327
149719 614190
663628 818063
146959 384403
361672 584927
670635 735500
391282 763363
264714 555889
412312 499180
478401 565583
506024 618366
606227 691214
691481 707745
541411 697415
127266 754554
846079 958434
46798 575322
374111 688395
644792 777206
25012 211926
235006 867153
557788 618554
228087 805733
330168 794986
486871 524298
300958 572531
262100 444804
565484 877783
788101 950971
384887 638042
292552 498362
697827 789310
837172 907957
298625 810309
327083 820636
368471 954869
88457 278485
144477 264568
664778 718400
22405 226116
185483 362237
409689 545845
241599 672240
416494 509353
930697 947090
232934 689738
351623 426069
118463 374655
726241 736671
699399 973381
196357 742148
564534 587473
215906 735338
293042 303110
366608 510367
94267 171953
30680 749115
485096 741546
899113 901476
310377 311564
504889 905031
624214 984713
142425 658169
203164 789427
75067 512688
204080 589632
61098 666573
234948 676452
395697 696387
780693 911535
31313 554690
496626 731594
161584 938277
69878 622820
5010 751310
225856 274501
189548 846090
489510 658786
701495 924974
200961 371662
103364 662266
410256 610165
360608 556301
335480 492199
935724 990326
544115 714081
243194 876038
352854 354453
572949 782120
748726 807453
257633 744503
349373 889943
572703 701316
672350 710717
307567 613334
605843 962423
465651 985194
438769 844547
42513 754264
21282 977999
141037 773208
132480 743093
301665 704681
72886 488345
505555 711640
118120 973857
538119 558143
667675 892893
715130 947178
9212 225269
729109 793678
54531 507077
96781 550932
309680 481900
497016 947089
609429 845582
77253 637800
207540 810154
28697 455061
443396 870260
638738 907555
306178 595289
407230 999037
83579 819040
217784 709666
29184 641226
233303 254569
834800 840255
110778 684945
415352 569191
740838 977290
47597 951533
780130 987618
78619 265891
57193 980551
242145 653881
578073 601220
612607 963239
412310 833439
742224 782365
209952 901207
151460 948880
138884 497500
417006 499147
430739 955858
466784 518688
379254 936199
143030 663899
607109 687268
99374 906689
372516 705342
232410 460797
744952 958899
398169 636948
487216 693867
278939 303680
37299 121346
243364 254307
54602 755877
78179 742432
616376 804861
332041 478599
304869 568238
215786 393532
312381 582569
75819 290553
625360 724724
516302 810859
854747 855966
527915 958887
113324 602023
327546 889701
777127 843688
385780 446913
791534 804265
378681 482151
200990 330889
950249 997633
137099 195241
20818 540841
8563 514712
142538 900180
107388 973960
13071 641465
742228 906342
755696 773253
2925 838028
123237 444150
614361 937511
843351 909987
273779 363883
351629 712217
270464 343284
228623 726585
94755 500028
113064 186741
424838 980833
209395 330452
6359 279807
41502 766255
265525 755970
4948 909695
357476 931059
414375 822588
396135 739797
104159 755564
63083 505951
156218 874604
176262 657885
347182 497908
148950 208436
340616 604825
103992 688789
496356 767292
135009 818061
228407 886955
104190 371402
146617 979525
85709 201796
509072 999774
338012 886566
180529 763074
74894 83569
542463 950426
81915 448250
952233 956219
35692 473943
696454 797805
820771 998900
193598 590357
232096 902413
858875 959170
585337 969150
774218 956846
391824 532532
247780 952042
404371 863998
461375 477014
182904 909195
432725 690195
363538 694786
608659 816625
269007 588556
303971 964630
55396 931513
498098 675156
390203 696920
425030 561877
326221 934200
676760 735916
315837 617618
9477 759441
447328 595492
609579 995244
678956 681413
60978 869902
557630 974339
509529 867136
122247 911752
324879 587897
232539 646943
353831 933942
507526 838486
367364 756545
32518 182192
152600 878577
